-5.821647298827708994e+01
-7.427138475847426662e+02
-4.634710413620269946e+02
-4.748395667023424380e+02
-4.333490824498375105e+02
-5.068119568202433811e+02
-6.604220571781266926e+02
-5.071736743732546415e+02
-2.598461774454706870e+02
-1.498354344681717123e+02
-3.235995554898237287e+02
-1.372825715676754328e+02
-1.599271091219537766e+02
-1.321398372504880001e+02
-7.851651713340017125e+01
-1.082478066100367329e+02
-1.215075909302831860e+02
-1.428223382550359304e+02
-1.164704678061488607e+02
-7.898437745593126635e+01
-1.398597924557367946e+02
-1.427925353166038178e+02
-1.425349178949459485e+02
-2.135406458505883620e+02
-1.565399746270196033e+02
-5.240720947004346186e+01
-1.267103951490177138e+02
-9.771643541927987542e+01
-1.395296894207910441e+02
-7.730724988009208687e+01
-1.210131124934069788e+02
-9.726510965529919872e+01
-1.123458599170030396e+02
-1.042356685360328754e+02
-6.636081251228590361e+01
-1.343691910174435407e+02
-1.743786189711420604e+02
-9.716378729212452470e+01
-1.518956407539260454e+02
-1.387363123146639623e+02
-1.015518012081770820e+02
-1.100933681342218193e+02
-1.230673868606885151e+02
-1.272536426697059539e+02
-2.528761343059573790e+02
-1.681115388579934233e+02
-1.260885495560523140e+02
-1.478700795515586321e+02
-1.381229716106478236e+02
-1.411740960058148460e+02
-1.417297636108139329e+02
-1.357646837046855808e+02
-1.420203315396866515e+02
-1.239735697504412713e+02
-1.363445151889166880e+02
-1.625329027502912993e+02
-9.947488426041473986e+01
-1.047729899780541984e+02
-1.387811756787246225e+02
-1.323389775112542566e+02
-1.028620364804121152e+02
-1.126624551214704013e+02
-1.263171345448641603e+02
-1.313894586294370299e+02
-1.141022044496816221e+02
-1.330056802330837513e+02
-1.137059048465139881e+02
-1.364640201929372552e+02
-1.150500225411398532e+02
-1.098167972575894993e+02
-1.087230990068795791e+02
-1.009144370031362996e+02
-1.324797611283989625e+02
-1.165496626308247272e+02
-1.130242201980656915e+02
-2.642913287905331572e+02
-1.157800667564696369e+02
-1.318285158917692570e+02
-7.484765202657685279e+01
-1.202311375835913907e+02
-9.248405621362034879e+01
-1.000460783800430136e+02
-1.197855162736219796e+02
-9.882298182059140856e+01
-6.286351198402856255e+01
-1.293152692269011652e+02
-1.347574238414864851e+02
-1.197481381848448052e+02
-1.203218225163067245e+02
-8.278981704457565627e+01
-9.634570798335965947e+01
-1.248265344138432056e+02
-1.161715454870175819e+02
-1.525085379481845393e+02
-1.264990892174041619e+02
-9.146332463306970340e+01
-8.492892452841444140e+01
-5.148331938869818458e+01
-1.365697387898218267e+02
-1.174132282101494980e+02
-8.977407786200933515e+01
-9.790265813362685776e+01
-2.539013646515466007e+02
-1.218702172944587971e+02
-9.360351446680412835e+01
-1.102361840151718440e+02
-1.009674513260505933e+02
-9.955208660790452768e+01
-5.504499564027537417e+01
-1.246643525930150105e+02
-1.158265476601861224e+02
-8.502188664676627639e+01
-9.789966246158837748e+01
-3.679923832291163990e+02
-9.387602432781109485e+01
-1.170238495248124053e+02
-1.255989715413548424e+02
-8.427676035666770815e+01
-1.145566688133497451e+02
-1.117509220075805558e+02
-1.014561794910586059e+02
-1.111876424444583051e+02
-6.590728010521469571e+01
-1.039440800874327095e+02
-1.066435651898922572e+02
-7.773750480568897103e+01
-6.182373256301862341e+01
-4.114235032363236400e+01
-8.098144036717049232e+01
-1.013637164390418093e+02
-8.164394235442343017e+01
-9.427620790299205566e+01
-1.036654834912471017e+02
-8.932068879469477451e+01
-1.023144633401936829e+02
-7.121236856156079398e+01
-7.073710185550817187e+01
-7.903289654523703689e+01
-8.742950760039606450e+01
-7.562219996886381068e+01
-8.961999430685463608e+01
-1.023658678930598711e+02
-7.178620633542291785e+01
-7.497179282410310464e+01
-1.062071859511180918e+02
-4.313583164164805908e+02
-6.779453316840624666e+01
-1.029828359518042760e+02
-6.557059965287152181e+01
-8.487681372544545866e+01
-6.659748588391718727e+01
-7.371601898598116520e+01
-5.814559239608551877e+01
-6.759071661942097364e+01
-1.478433113183143632e+02
-1.008604400668917975e+02
-8.840685988874193413e+01
-1.027818657294601081e+02
-7.646129178496786949e+01
-8.826119304512285169e+01
-9.068759949094592798e+01
-6.883938441482342796e+01
-5.166390511132365049e+01
-2.621258664563370075e+02
1.585167514590983728e+02
7.103308832074937129e+01
-9.816649631838147627e+01
-9.971336984917819279e+01
-1.003677414247555078e+02
-4.766511290071839824e+01
-7.890365597984090584e+01
-8.306505915685558250e+01
-9.067452575792420078e+01
-4.329160756211268790e+01
-8.286022973637774669e+01
-8.099221583342715292e+01
-1.063515265551796887e+02
-4.778555466653276795e+01
-8.908048178858133781e+01
-6.568225386081772399e+01
-1.102362734703523017e+02
-9.855305790836646906e+01
-1.781572811451755456e+02
-4.638974664820180038e+01
-8.611398231479377330e+01
-4.560488130236721815e+01
-4.452768920150525389e+01
-7.433377497054596006e+01
-1.188022136648854143e+02
-7.791421449880996875e+01
-7.478845121456456013e+01
-7.453550795679007024e+01
-8.987029881523241670e+01
-4.872086702360609678e+01
-1.109436696099790396e+02
-5.101324723497744174e+01
-8.244299502731446694e+01
-7.279969769749007469e+01
-5.312260231329987903e+01
-5.006341681209170247e+01
-6.104938118880394882e+01
-8.970312746837086593e+01
-5.627427428480245197e+01
-5.603030087164317052e+01
-1.186094759184315706e+02
-7.164013771440710343e+01
-1.110708314508124914e+02
-7.584806426495946141e+01
-5.640249218901288941e+01
-7.453896228633716703e+01
-9.905819368712617745e+01
1.575657044970127174e+01
-8.447293185071465871e+01
-8.094151323821934341e+01
-9.108818209196934390e+01
-8.304335676759454543e+01
-5.842396032036796072e+01
-7.869007172795680560e+01
-2.459340023295328592e+01
-6.139788731087479334e+01
-5.143658423883661612e+01
-5.604990247636938960e+01
-4.424438645708714546e+01
-7.509561695426698691e+01
-4.199694942638444672e+01
-5.120217938695463999e+01
-8.022450741326601076e+01
-6.759888663399181041e+01
-8.542662624652776060e+01
-9.673981167703166761e+01
-3.966861180634896300e+01
-6.428239386455977922e+01
-2.482884737213838733e+01
-3.891229606531076968e+01
-8.646858953578676221e+01
-1.182472642903822191e+02
-7.468434981207347789e+01
-8.891815458045130072e+01
-7.006904314509579024e+01
-9.821725969535353329e+01
-7.933059365797760165e+01
-5.964294079879073962e+01
-4.950189401629320685e+01
-8.463924270416002571e+01
-7.545412123621511569e+01
-8.111698577030051638e+01
1.999493490876336637e+02
-5.367873612667270322e+01
-9.328149178928369167e+01
-7.259052010290588441e+01
-5.008126075098167718e+01
-4.770172462996626450e+01
-2.695121909238816826e+01
-6.549878723481866416e+01
-8.926830945849978605e+01
-5.709880629701012822e+01
-6.231700290665371256e+01
-9.352906452258820025e+01
-5.872783880551709501e+01
-8.152688450419498167e+01
1.379706991044185429e+02
-3.767161659341538638e+01
-5.533363247739566049e+01
-7.287621845973987433e+01
-8.268208909381235117e+01
8.046938104678828196e+00
1.536043333030670226e+02
-9.417188019354213679e+01
-7.852844959930735058e+01
-3.194196816495556845e+01
-8.628426962546272705e+01
-5.879890821590326055e+01
-8.934447229880389330e+01
-4.584648009763176191e+01
-3.614837940326017929e+01
-5.780181035363889208e+01
-8.037043229308032721e+01
-3.736118066131741955e+01
-8.616327436204085188e+01
-7.910834596374188266e+01
-5.809116864771326760e+01
1.319870568381453779e-01
-7.554922909155025934e+01
-5.893527649632694221e+01
-1.425327128559551966e+02
-5.499562536209634089e+01
-4.276721140469860671e+01
-1.490713119681210053e+01
-5.488876427860981977e+01
-3.724890308565788644e+01
-6.631407457617650891e+01
-6.394186697169068623e+01
-1.028871280258444614e+02
-7.546224434442464712e+01
-4.439868258528291989e+01
-6.562425773761978576e+01
-8.196793705648896378e+01
-8.205879173534869153e+01
-7.368536107720240125e+01
1.459090300808832694e+02
8.223579316187498378e+00
-3.339653283719332677e+01
-5.502791296946416111e+01
-7.330834162343691673e+01
-7.088069130271374263e+01
-6.431691196154787349e+01
-7.853294792540192759e+01
-1.127504869148373245e+02
-8.909660306136997576e+01
-4.995572874516589934e+01
-8.915827959025733662e+01
1.497220409109919501e+02
-8.549355262706627911e+01
-6.034786681637729799e+01
-6.194864776948751484e+01
-1.305504279600314703e+02
-7.757346483408502991e+01
-1.016930814301990296e+02
-8.891750092646188364e+01
-3.969376771513820046e+01
-2.148469412600329065e+01
-5.513313338190463497e+01
-5.838760430306766835e+01
-3.274350560291339463e+01
-8.984553482689528892e+01
-7.762849009384392218e+01
-6.690025806994289326e+01
-7.783518001793413532e+01
-8.879738765545243950e+01
-7.776079650609074179e+01
-4.584504493127575131e+01
6.889342249390668371e+01
-5.215847897872702532e+01
-6.930312752965149059e+01
-7.945097571895337296e+01
-5.064430885058784781e+01
-5.911035027963175281e+01
-5.000895944323442421e+01
-4.961785514952510567e+01
-1.676019951752138937e+01
-6.067648784179434784e+01
-5.268016649330383672e+01
-5.970458354856929617e+01
-1.341023676281467836e+01
4.128520800664212942e+01
-7.612108826978173681e+01
-6.982303536421537160e+01
-4.186945365990587220e+01
-6.456173104798108398e+01
-7.266608370565836594e+01
-7.783781806210996024e+01
1.807939403263488884e+02
-8.550100284203925582e+01
-6.340372787908418672e+01
-4.766984178402262273e+01
-3.978360656559338793e+01
-6.729949695742566007e+01
-3.251667064835418586e+01
-1.653222420410984910e+02
1.670022803083244582e+02
-1.208183321762964511e+02
-6.901694369008863816e+01
-8.661569911803978528e+01
1.223693958641750896e+02
-8.879253183213042178e+01
-4.824859438181901794e+01
-1.914982703791605800e+01
-5.334418817607759422e+01
-5.654491853701581761e+01
-6.962658517434009298e+01
-6.636304640609255046e+01
-4.359967190545614812e+01
-5.928071953814387740e+01
-6.826991575170997351e+01
-9.560536917897461251e+01
1.585904779414640302e+02
-6.957759758637902792e+01
-6.094569540624799231e+01
-4.195980364445463096e+01
-9.356521836871638698e+01
-3.747277837101873388e+01
-5.890054530264087873e+01
-5.359334537686526545e+01
-9.983967126532109049e+00
-5.122386822519537475e+01
-7.597291744607775854e+01
-5.915817787871682754e+01
-4.799618869349811945e+01
-5.846680928412794032e+01
-4.527638615140768508e+01
-3.095252760511343482e+01
-6.329324823921509591e+01
-3.140902101661389878e+01
-7.112284750051134097e+01
1.284721184144141546e+02
-6.488208471448072601e+01
-6.903645314530946564e+01
-3.327145719622589581e+01
-7.738903152154526310e+01
-7.192866651924087762e+01
1.697613289170719497e+02
1.549149722664998130e+01
-1.915879591491952993e+01
9.720000007799650632e+01
-7.006397009649903396e+01
2.004909881068420816e+02
-2.891995285471165644e+01
-8.923674798992068702e+01
8.216017418952201012e+01
-6.805808429393111680e+01
-8.757676255467076487e+01
-1.357949264667048794e+01
7.332061606267296305e+00
-7.848163017433946287e+00
-4.387360233109686192e+01
2.727092140579519608e+01
-5.784258947349415791e+01
-4.346497501523091245e+01
-3.212238890146689840e+01
-3.177990922071379387e+01
-5.984031845252594906e+01
-1.561645111079985782e+01
-7.367545972958549783e+01
-7.033350155147492444e+01
-1.519447998737458327e+01
-5.853084106007671039e+01
-6.920811183923558474e+01
3.543079356564390991e+01
-7.069039100980587875e+01
-4.784163177007298628e+01
-1.344118766475395788e+01
-4.583680590471594485e+01
-7.116382649379318082e+01
-4.833610867045326387e+01
-4.019702924292153767e+01
-6.402656905568325385e+01
1.792474479717911606e+01
-5.685494098103114879e+01
-5.153386182342372734e+01
-2.621295548039270429e+01
-1.414229099667989153e+01
-6.882305461070828301e+01
-3.952897828278700132e+01
-4.908605836773818965e+01
2.613679504415334804e+02
-3.822067468452050321e+01
-5.146753272846577687e+01
8.248640091483773418e+00
1.116369661204276440e+02
2.459123608594894392e+02
-2.684989877857937302e+01
-2.483122973115158061e+01
2.593054606835944753e+01
-1.990889924779976639e+01
1.317925933531090550e+02
-8.439299469430110889e+00
-3.284776796947512878e+01
2.374883423351779186e+02
1.128871588019913901e+02
-6.233134023236461019e+01
-1.593649741428357913e+01
1.111467136420810249e+02
6.888033860285460719e+00
2.869269207185337223e+01
3.291213343635675415e+01
-9.437358548252518631e+00
2.067180579884044676e+02
2.114182209215691444e+01
-4.385666877598822566e+00
2.168635850986265723e+01
-4.774804074165266599e+01
1.116371190103490108e+01
7.197254739332905160e+00
1.428821217481635415e+02
2.238045627321555457e+02
2.434541810352698121e+01
1.986986392429170678e+01
2.101938994518652635e+02
4.903889014020279546e+00
-2.338908236107897665e+00
2.469475093246027768e+02
-3.540639934249192322e+01
2.283708808801013390e+02
-8.816574618844725819e+00
-6.805765300624528891e+00
1.108607022001011018e+02
7.923672286113016128e+01
2.428318388653260058e+02
-5.038387020456758592e+01
1.973164450724323160e+01
2.068266422080386064e+02
2.719286660090181726e+02
-4.704441768215090747e-01
-1.366439784950779313e+01
-1.373455359701345913e+01
4.836855527832057078e+00
2.522030436715467090e+02
-3.922675717989972100e+01
2.300588830481980551e+02
2.382112520749439284e+02
-5.756180303503697360e+00
3.764341937062758348e+01
2.787612403852746183e+02
1.920956062658373753e+02
2.337695857326232272e+02
-2.532895225747292045e+01
2.094097842486447689e+02
-2.102183946704244022e+00
1.884514293499431403e+02
1.364354522118984221e+02
6.412088718859692449e+00
1.714595570183595044e+02
-3.800651733534022014e+01
-1.465800912770026798e+01
2.364335173992486716e+02
2.189107195102790229e+02
2.459884241892456203e+02
2.232390838470777794e+02
2.397392381657406588e+02
-6.505206261443115068e+01
2.110878488289284292e+02
2.028890394041346781e+02
1.642794598610236676e+02
1.967718222666876500e+02
-1.485349000471127212e+01
2.140250432755071870e+02
1.307472653852688040e+02
-2.715844002150661751e+01
1.793797534515905454e+02
1.260696205778573216e+02
1.976906831550194852e+02
2.502002162576518174e+02
2.501232287095146773e+02
1.550961038925250364e+02
1.308102987700624453e+02
1.298499476486108222e+02
1.530295542403349032e+02
-1.909538228095979377e+02
2.387206789671579941e+02
-3.654599393197941026e+01
2.269067620079712810e+02
-4.179736217919209196e+01
1.508677604935168972e+02
1.910582419227049513e+02
4.510617622341968058e+01
1.984751390551097927e+02
-2.774522748024347152e+01
1.210599324351876938e+01
1.811384885755468872e+02
2.081827951045935947e+02
1.397901539711473333e+02
2.384574153767186999e+02
1.873430860232308248e+02
2.268681294280900715e+02
2.019191084163625476e+02
1.181328472851624554e+02
6.912309857696514825e+01
2.665497542294357345e+02
-8.848934463819917440e+00
2.504569765135627790e+02
1.917961118582547044e+02
2.111048807526780706e+02
2.466602865160909630e+02
2.410892404311283030e+02
2.462600447079706498e+02
2.545142570706109950e+02
2.283125395457211368e+02
2.329182545517559788e+02
2.399601209811138744e+02
-3.837245135488007719e+01
2.198606791001373040e+02
-8.859446677734680975e+00
2.601636372877692338e+02
2.106905778680637695e+02
2.478415482392675528e+02
2.547564948260560698e+02
2.446037662833571176e+02
6.496092620735200107e+00
1.825259049500025412e+02
2.451741992341829359e+02
2.052433550638275221e+02
1.708973371722541401e+02
2.358783218880233790e+00
-5.503755114622298095e+01
2.497984319211817024e+02
-6.305123889220627831e+01
2.185280786928174734e+00
-2.612798309123523666e+01
-2.614529476953231324e+01
-1.926791950157509703e+01
-2.883195020690213184e+01
1.388248290132518470e+01
-1.271711297057422208e+01
-3.849467236409643789e+01
2.345402542393098599e+01
2.333898463802874517e+02
-1.911480104313627493e+01
-4.377336172408607951e-02
-8.912235864828348397e+00
-1.894734030147679960e+01
-1.359502374590327456e+01
-6.786106919087464107e+00
2.447858017006735452e+02
1.718711054260546121e+02
2.690455998176020103e+01
3.178552232811932754e+01
2.518454188283580493e+02
2.146888066369395744e+02
2.277696058903748053e+02
1.957665021010666351e+01
2.095377876067841498e+02
2.232913620538141686e+02
2.296496857098200337e+02
2.161521475438804032e+02
1.484568091174825497e+02
2.276665362019133170e+02
1.502314493005094675e+02
2.034439746603231924e+02
1.930999223633740485e+02
1.994371001473086267e+02
2.083366594236786966e+02
3.328427194373804099e+01
2.106838245066041111e+02
4.126568352887518110e+00
2.049919750720958405e+02
-4.379464301473674936e+00
1.824041395809789492e+02
2.512829083848870937e+02
1.318898946168948214e+02
1.249428696537600700e+02
2.690287275359564774e+02
1.857844626893438260e+02
2.707953869064303944e+02
2.402739016541167416e+02
2.494674992716828399e+02
1.932904992362367125e+02
2.648939116094835526e+02
2.460146340101856026e+02
2.671486805628168213e+02
1.802683617126103144e+01
2.021755579094739232e+02
2.561053188569221106e+02
2.258337759150316515e+02
2.649461387260189440e+02
2.355658048566987190e+02
2.500704044506574633e+02
2.318490750514541787e+02
5.211748447906844994e+00
1.460243852270630214e+02
1.902523320640500799e+02
2.693319249725796567e+02
2.120626922322299492e+02
-1.698861681026006920e+01
2.416867482308790898e+02
1.751726908841412751e+02
2.253007690950702795e+02
2.667774159273535020e+02
2.408982700911465145e+02
2.073377393578667522e+02
2.625178534384943987e+02
2.539791019507403007e+02
2.372564936378260541e+02
2.438868754407652659e+02
2.213362052104424436e+02
2.561476096122005970e+02
2.160107502215063846e+02
2.886312126151708526e+02
2.461953313218176618e+02
2.387756947521447728e+02
2.607944028325439945e+02
2.416437270279496943e+02
2.529135077074380433e+02
2.589495249047566858e+02
9.524802255008353313e+01
2.014059594840149998e+02
2.490392229937490924e+02
2.454032512846512475e+02
2.284428419698947437e+02
2.336034965384633892e+02
2.482269138672385225e+02
2.208805567649135355e+02
2.142216845427524277e+02
2.621601847044270244e+02
2.123863259789799258e+02
2.458298534570345737e+02
2.232184981069510741e+02
-9.363856043974056576e+00
8.253371732571981312e+00
1.881497278405619795e+02
-1.214866281365860701e+01
2.714913752841797532e+02
2.786939669621195890e+02
7.496686083854311455e+00
1.733416284432022891e+01
2.419605164752580038e+02
2.183511692827680406e+02
2.665992343959906066e+02
1.450106571792956629e+02
1.908121229572782056e+02
2.253938264445864945e+02
2.518652931380976270e+02
2.686152872893824224e+02
1.357845771168134377e+02
2.538832827931329632e+02
1.812347673493455034e+02
2.323969096959431511e+02
2.602759089348195971e+02
-9.333821228679128978e+01
2.568614690833364307e+02
2.922104373986692281e+02
2.335971045661023311e+02
2.369259232194513345e+02
2.390607660330939552e+02
2.577373648101972776e+02
2.257880713287202070e+02
2.380905783219782279e+02
2.451464952962357131e+02
