-1.080477428041852335e+02
-5.145444895236791183e+01
1.890764277175657071e+02
-1.427989000381550682e+02
-8.643662115230134191e+01
-7.685739694631747909e+01
-7.989766046429849666e+01
-4.071676011748575519e+01
2.188372484176918249e+02
-4.129121179441342804e+01
-6.436024736593219586e+01
1.793195885589339014e+02
-2.857317177077302404e+02
-1.137614105185398898e+02
-1.011534659411424570e+02
-4.979595075766795276e+01
1.973074412975429937e+01
2.022339019193826175e+02
2.554165196118640040e+02
-9.786052483824910553e+01
-2.257223273276144937e+02
2.548094027649767668e-01
-1.397355889571328760e+02
-1.203538776052796635e+02
1.973795759863360786e+02
1.972963575559785454e+02
2.159599806299216311e+02
2.099333986603672884e+02
1.925130109109524597e+02
-8.407039478662468923e+01
-2.525288572360234696e+01
1.640535216141217347e+02
-1.074172815771982528e+02
-1.127694192581597292e+02
-1.104967484984281043e+02
2.045329830986391357e+02
-1.157426726082468349e+02
-9.586539776163077420e+01
-1.694455417472135537e+02
-1.296456411577928236e+01
1.900456448516641785e+02
-7.469158265986683887e+01
1.565049865273126670e+02
-3.369515377088039543e+01
-3.510801305662181448e+02
-9.900222761480380029e+01
-2.457651364453750489e+02
-2.075251548903082153e+02
1.802213477099504644e+02
2.222567326226253783e+02
2.070820418148806539e+02
-3.579839896318128467e+02
-8.740428079938082817e+01
-1.137144155519165594e+02
-4.028889156018194484e+01
-7.441180506250333337e+01
-3.349659197827341472e+01
-1.962016631794208479e+02
-9.571548013012237277e+01
-1.234493569943462745e+02
2.032065722289547693e+02
2.051454734621063096e+02
-4.606207971945900681e+01
-1.493046921490676482e+02
-7.077744580751817693e+01
2.330865382763691116e+02
-8.944947627796879885e+01
-5.362684551071096450e+01
2.010131390897689982e+02
1.421814736910547765e+02
-6.202063810550102829e+01
-5.733734078966080006e+00
1.832337337100001662e+02
-6.581930073010165927e+01
2.218665766898521383e+02
-6.079427432386541597e+01
1.802581039925934192e+02
-1.132747186464464448e+02
-1.350431654639956491e+02
2.195990646392426697e+02
2.377905483329087701e+02
-9.738415704416537721e+01
-1.775560133167561219e+02
2.096044207877652639e+02
2.115200277265415707e+02
-6.745962672812487426e+01
-1.409376063553902441e+02
-8.798858453449334149e+01
1.074471655153865157e+02
-1.027784247336924039e+02
-8.384707005833162441e+01
-5.828373921583846595e+00
1.966223423476506582e+02
1.548833475231522527e+02
-1.105041872995430907e+02
-1.017370803831088750e+02
-7.657878731079833301e+01
-1.583492274813282847e+02
-7.634624375631318571e+01
-1.675994078661050537e+02
-1.275829216018169632e+02
-1.549492707994968441e+02
-1.431614673118245378e+02
-1.181664963837592808e+02
-1.348540297500862550e+02
-1.005948184408785977e+02
-1.573441012524608595e+02
-1.282610177294233438e+02
-1.401447114382499990e+02
-1.193840000944652076e+02
-1.042529667689995705e+02
-1.681408823137937532e+02
-1.570688524126611298e+02
-9.768703309290989978e+01
-8.520757300458521399e+01
-8.850582387557558661e+01
-9.099141276305726933e+01
-2.362054897883089097e+02
-6.112541892475463357e+01
-1.279169616864312502e+02
-1.640316729881983520e+02
-1.496137818710801355e+02
-2.044451300226446051e+02
-1.766593221400778475e+02
-2.017585811921870800e+02
-1.766522377506257158e+02
-2.324412205498532842e+02
-2.351072552700001097e+02
-2.511600728011579520e+02
-1.909455402806403015e+02
-1.125604865044675478e+02
-1.990814719181240662e+02
-1.406758980385436075e+02
-2.051189867809165719e+02
-1.853487641886748065e+02
-2.129312518027987835e+02
-1.574162291652667136e+02
-1.956668649087505685e+02
-2.273340349376792915e+02
-1.966638048829280478e+02
-1.138592576944793819e+02
-1.343025183368407625e+02
-1.232502248622335514e+02
-1.409648667754072449e+02
-1.145290163444447131e+02
-6.878788433814146686e+01
-1.106780122261078532e+02
-6.987346782277066382e+01
-1.224482733150508125e+02
-1.515241718137538101e+02
-2.718275613045138925e+02
-3.224961811889945693e+02
-2.387250386486112745e+02
-1.549019969957673197e+02
-1.977978983226838068e+02
-3.251208202632927282e+02
-2.889583123171028092e+02
-2.629822859811193894e+02
-2.880353345814079944e+02
-1.276611740209883550e+02
-1.129621196220821560e+02
-9.237958074748237891e+01
-1.273257789251467642e+02
-5.622856432350309319e+01
-1.053989119637683700e+02
-1.016833486552388024e+02
-1.089610202759109967e+02
-1.191671965459085953e+02
-4.408854478329440951e+01
-4.166419188254492667e+01
-1.178216808520287913e+02
-1.273360397057559368e+02
-1.236478649943872767e+02
-1.804983389179865867e+02
-1.180921279244453785e+02
-1.246409360595902172e+02
-1.284155553678126296e+02
-1.130849543108474506e+02
-1.339066935481235987e+02
-1.102283749856678980e+02
-1.151740128572749171e+02
-1.359266921468022815e+02
-7.496088730412765244e+01
-4.138764997093083764e+01
-9.093831887055846153e+01
-1.083654325527717788e+02
-1.073387449268177534e+02
-8.726283158767296300e+01
-6.767520583457374528e+01
-7.484086659633796046e+01
-7.315438953963627000e+01
-8.962538713765607667e+01
-1.461285608973587102e+02
-7.658344077279188866e+01
-4.708844394081656048e+01
-1.089939034159606734e+02
-9.772049238368012425e+01
-9.261631449772717417e+01
-2.092043317128273543e+02
-9.299171716512078945e+01
-1.738651294064008539e+02
-1.220171177170821863e+02
-1.930431797251880255e+02
-1.578209063650374446e+02
-8.946015575950825394e+01
-7.215594789148916277e+01
-7.750396750675299984e+01
-9.830321256035662714e+01
-9.895410867828042001e+01
-8.988834933896416146e+01
-1.447689722109361128e+02
-7.910816628234795189e+01
-8.928598978580237144e+01
-1.461195225388780443e+02
-8.758801300578737425e+01
-2.837060256020982365e+02
-8.264032124029280624e+01
-1.058122859255323647e+02
-9.142060248327190664e+01
-1.638703189742865050e+02
-9.614824284723636083e+01
-7.029156443512047758e+01
-1.042396340893138245e+02
-1.988122311836143581e+02
-1.010217651499303315e+02
-8.028811191668282277e+01
-6.914845007048663206e+01
-8.203019238506280431e+01
-7.380722343596190171e+01
-9.136495174701998678e+01
-9.893828285385821175e+01
-2.174421297183109800e+02
-6.639780571649264118e+01
-4.737018000662206987e+02
-9.498649502391968724e+01
-4.351543738606146405e+01
-6.067051611278205314e+01
-9.887965384145930159e+01
-5.187387296447485596e+01
-7.563344460810191094e+01
-9.660956272067589623e+01
-1.429935817632993746e+02
-9.112049859658723960e+01
-8.024598526841124624e+01
-7.422848434120110994e+01
-7.080498535260048243e+01
-5.139872000614975178e+01
-6.762587056336577973e+01
2.022936908804677500e+02
-6.145662564936304761e+01
-4.861099015402349011e+01
-1.785377971330386799e+02
-5.051721922878053306e+01
-3.856291874273861708e+01
-2.437774536779067347e+01
-5.127590937695141804e+01
-6.015910901430046209e+01
-2.442362125357463043e+01
-7.834729370736842213e+01
-3.531918855193934803e+01
-4.937823464741336466e+01
9.780613976385737374e+01
-4.936351215268459214e+01
-2.925218092706068163e+01
9.304869652556671156e+01
8.432044275132795974e+01
-7.870118926035182483e+01
-4.731927219939265683e+01
-7.920298032507891151e+01
-5.849263921670423372e+01
-7.233929011612190152e+01
-5.108775736362161979e+01
-3.225732993253758707e+01
-3.279038887561024040e+01
-3.320075674048715086e+01
-3.397939582360388755e+01
-2.289910763262196625e+01
-2.404737908081741438e+01
-3.605617636878596954e+01
-2.947046581350859284e+01
-1.862116625512135926e+01
-5.320257761680989006e+01
-3.150628846172981312e+01
-5.881584961546726475e+01
-6.452237751908799623e+01
-1.467962604066631194e+01
1.595808087438963128e+02
-7.460717280693566522e+01
1.378856975550173161e+02
-1.908196377278192699e+02
1.387837083198503194e+02
1.389872360845900801e+02
-4.820901764133918732e+01
-4.511852187559014027e+01
1.290516550967449234e+02
-1.176057309587644006e+01
-6.990494249579717234e+01
1.059554766732614581e+02
-1.605101969921456089e+02
-1.417867347392910347e+02
-3.644652532320411975e+00
-1.650493778601028794e+02
1.869751326564459859e+01
-1.625423719669085472e+02
-6.749349047252874989e+00
-2.265046181301065076e+01
-4.069178430526216061e+01
-3.551410571164416297e+01
-9.057673069058270698e+01
1.117284246010536464e+01
9.475119359437951516e+01
-8.015603817842832157e+00
1.041433813050803252e+02
6.221228261781674007e+01
-1.752723393453880973e+01
1.554664239280621700e+02
-3.458048774181419560e+01
9.698346822199688688e+00
-2.131254546450053411e+01
1.403325854082606270e+02
-4.560705923692169961e+01
-3.845702681292564051e+01
-1.255150073505936064e+02
1.606409834643298495e+02
-4.905493372517667261e+00
6.355801994512285447e+00
-3.984833036362007874e+01
-2.158369793380666835e+01
2.421420323277500231e+01
5.679273728858054682e+01
1.779856731479268106e+01
-3.721410543891123979e+01
-3.438720078591055795e+01
8.609179937968482932e+01
7.133138798095284017e+01
1.563297892858422067e+01
-8.074678693934014007e+01
4.982251136450656759e+01
1.561497698566059853e+02
6.094760416774088441e+01
1.444820509756396421e+00
1.401492017661138902e+02
1.236889268884199566e+01
1.788614473398540099e+02
-3.179944711390099599e+01
-2.381207986219613204e+01
1.695421254831283022e+02
1.533738174262645657e+02
1.375785192169341826e+02
4.944339224045462799e+01
1.409614335280328987e+02
-2.819490195746059058e+01
5.444824827802504075e+01
-6.167258280428828954e+00
2.571915457527215665e+01
2.120224390602879225e+02
5.347660603919869970e+00
7.519528889578322151e+01
3.157657487109379346e+01
7.518485205102449243e+01
1.907351784318858847e+02
8.490255592311994803e+01
1.420469252146505426e+02
1.609286022425094416e+02
2.021211410949925735e+01
-2.226785542708707055e+01
1.187547240782942453e+02
1.769875943512027732e+02
1.546140825790394331e+02
5.983339787399253318e+00
2.112172203032008042e+02
1.271399605633714600e+02
2.353244254690894195e+02
1.240865603367023482e+02
-2.918129172696328766e+00
2.218107445708106127e+02
9.139872614647902083e+01
1.661276431382439398e+02
2.023878248085459290e+02
2.072899734117979165e+02
2.397978803532183179e+02
1.072779283414908775e+02
-1.400222454413892237e+01
2.170973350099652919e+02
1.533641626921777288e+02
1.407176175661795128e+02
1.780308152748508235e+02
1.530294181564594851e+02
9.382228462714941486e+01
2.925001803070191997e+01
1.892564485758340425e+02
2.054855530492563673e+02
2.119263116425243538e+02
1.695407581563300994e+02
1.374809677656609495e+02
1.856240789782080469e+02
2.195309171593661404e+02
1.464859265648634050e+02
1.246112819987091669e+01
1.793606133316085050e+02
1.333313706658410069e+02
1.124041226237618361e+02
-1.315945505172849117e+01
1.819502717927101116e+02
1.328362382763229732e+02
1.587045478309570967e+02
1.066074309318870377e+02
2.391271570996359230e+02
4.438058064733868946e+01
-6.572741026210638893e+01
1.930544197217286069e+02
1.828576954679589903e+02
1.155019289450353703e+01
6.648739247298163946e+01
-2.587212248400487269e+01
8.782164616685616920e+01
1.687770501442261661e+02
1.647550807934916008e+02
1.368487629446164533e+02
-1.688827208406921798e+01
-1.273070706508170780e+00
1.662420722004780060e+01
1.910353664907950133e+02
2.214586277399711634e+01
5.169898896936362398e+00
2.013324245411833431e+02
7.385649487132914714e+01
1.690471730561794743e+02
2.102181420893374479e+02
2.192986734329218166e+02
2.005222928794828476e+02
1.670268570965261858e+02
2.200420573232388506e+02
2.272451103975936064e+02
1.956634160196481389e+02
1.662803287354167310e+02
1.514092952295789871e+02
-4.104724382555783535e+00
1.792409493007649814e+02
5.131081159925637536e+01
1.777652853936353097e+02
1.828998417683550315e+02
7.814954691612052784e+01
5.113064853622694272e+01
6.934105283404386455e+01
1.798858101423916196e+02
1.086545235420097697e+02
2.168941808879544624e+02
2.021482914359056622e+02
-1.304416651445603925e+00
1.896674551422578361e+02
2.042623223388770271e+02
1.755369592804535159e+02
1.277406708201077521e+02
1.138160429384883798e+02
1.282384093814102641e+02
1.908219412708501750e+02
1.420588573710961953e+02
1.879619516876804823e+02
1.783914307180980359e+02
1.114162209442751390e+02
2.577728622232607449e+02
5.873119486857629568e+01
1.286666500257680923e+02
1.020284230314362901e+02
4.727993295039908617e+01
2.191612971429879622e+02
2.369739913926869121e+02
1.881761328713067201e+02
1.547299080579537645e+02
1.650628483676148335e+02
6.463767383610546347e+01
1.459615234605696230e+02
6.800552099634865044e+01
5.689794190860011014e+01
2.394678196696778798e+02
1.955496470306002266e+02
1.915969723163262870e+02
2.369861476153787692e+02
1.735773172738363428e+02
2.027735211664170834e+02
2.347483639094186003e+02
2.134129273337760822e+02
1.306428039316320451e+02
1.714625481779873439e+02
1.119858123587247007e+02
2.386462193300406227e+02
1.966993636770855574e+02
2.478302419353756250e+02
2.239127748326290828e+02
1.656863674228252421e+02
1.058318340213611037e+02
2.203401079726549483e+02
2.583328154209749528e+02
2.056930362257592719e+02
1.701892961169826890e+02
2.012173026418589359e+02
2.069117921777540516e+02
2.427487540670220767e+02
-1.417009280966286155e+01
1.873185729048182395e+02
2.121081084598300777e+02
2.075864029747924064e+02
2.621130268692429581e+02
1.701869142339945427e+02
2.105514980659313551e+01
9.188306390847802163e+01
2.386818911299672550e+02
-1.756188322245895961e+01
2.175194423715858534e+02
2.210999675775344713e+02
2.205765598792763171e+02
2.262207509045707070e+02
2.585037534991676580e+02
-2.983483229550941473e+01
1.862483983756733892e+02
2.811145081396550154e+02
2.351965232037426006e+02
1.493660128774634472e+02
1.265040138576627839e+02
2.052311278776844574e+02
2.231385121908328415e+02
2.392958283774626125e+02
2.478519598171619123e+02
1.888665414512970528e+02
1.958458803187968442e+02
2.787290028995079751e+02
2.908609854707247564e+02
2.509075106224883882e+02
7.096757766388574851e+01
2.428186877056992898e+02
1.037500116966915868e+02
6.699376190846422219e+00
1.488045081728954528e+02
2.431009828996587601e+02
2.280927395524073802e+02
2.472758059567597115e+02
2.715508375348339314e+02
1.748487089140766670e+02
2.267150370974008524e+02
1.124303420223182286e+02
1.926170532200090406e+02
2.360626116717831167e+02
2.258047531329385151e+02
2.861153052304612174e+02
5.412193642618623812e+01
-3.723644677261165725e+01
2.146425214924138913e+02
2.400929324978820603e+02
2.276545140002405105e+02
1.418794556917465854e+02
1.806304788806634747e+02
1.036817073279554933e+02
1.632814862382532439e+01
1.343690495842580219e+02
-4.723606243517847503e+01
1.971196940194835747e+02
2.556723456308870084e+02
2.437232760822045634e+02
1.702553787086226009e+02
1.941595862018541823e+02
-2.420541878170624273e+01
2.091850378386177454e+02
1.103586081004623765e+02
-4.842374731148465372e+01
2.496030834726431635e+02
2.410772810441428078e+02
1.905161040616661694e+02
-6.054293634310305805e+01
2.241762444222133581e+02
2.154499753770003281e+02
2.203824351322065240e+02
1.603177843341142648e+02
2.444837792361706761e+02
2.518306963450808951e+02
1.811010830119510615e+02
2.666886295560025246e+02
2.375417745298062187e+02
2.383182431299760253e+02
2.358812292428903561e+02
2.624769811579010366e+02
-3.533174122484318502e+01
-1.202701144120821226e+02
2.355430831588018066e+02
2.328914152198991303e+02
-2.637667921467834375e+01
8.960084705664808524e+00
1.494225737020940414e+02
1.513495137203191234e+02
2.460185782843906281e+02
2.087209953080220544e+02
1.537709312972506837e+02
-1.202101775031335151e+01
2.475085533716493273e+02
-7.678528539270975450e+00
2.389702120474348703e+02
2.073386282091022679e+02
8.394891480111908777e+01
1.732741610694226893e+02
9.958927778699154132e+00
4.069174697537424379e+01
2.228521766929570163e+02
2.112338203088594071e+02
1.607022058412688068e+02
2.030532921543181715e+02
2.085033157085420044e+02
2.705120193168872902e+02
1.550432033825642293e+02
2.364681668447068148e+02
2.308381427702911139e+02
2.352878222892323095e+02
2.436219841067977541e+02
1.455466174233959009e+02
1.711302942889325323e+02
8.234527901988188958e+00
2.207133873116654854e+02
1.351795515611964333e+02
2.828454231697925252e+02
2.571460978444015382e+02
1.878599281301629844e+02
2.083232655128929309e+02
2.144810208297703298e+02
1.804095321659728484e+02
1.827668680032094812e+02
2.120256806037917841e+02
1.961975053849915867e+02
1.961334369951751171e+02
1.771654639693144873e+02
1.922890586182096229e+02
1.804958869446077188e+02
2.579883986555178126e+02
2.225081168456559340e+02
2.550854404874405361e+02
1.972034835012142935e+02
1.795307148757457867e+02
1.988289875059779774e+02
1.637002395040659053e+02
2.536216904001151420e+02
1.777751782418978905e+02
1.571293769779092315e+02
2.597584262306797882e+02
2.262820660217026898e+02
1.795952109751547425e+02
1.716409460052648228e+02
1.290349770797030544e+02
2.316997362584762357e+02
2.407933148503238385e+02
2.110444579664665525e+02
1.533427351882393452e+02
2.637533631913327667e+02
2.467307243274740358e+02
1.997256634005499052e+02
2.322813627084426571e+02
2.655599707969617498e+02
2.698052425584450589e+02
2.778155596384157633e+01
2.470781253128299113e+02
2.103364240663842679e+02
2.745736456350905428e+02
2.031510679979948293e+02
2.419992672803690823e+02
2.501111830209118239e+02
1.961068782876632213e+02
2.171920204984608631e+02
2.309198442525855342e+02
2.487253689858031578e+02
2.543505953056796329e+02
1.974289444263419568e+02
2.029773207941009900e+02
-1.007435184003297479e+01
2.288243749404207676e+02
2.865025251776501136e+02
2.709646303078604888e+02
2.734482434113818954e+02
2.403021980993089528e+02
2.528398712721919992e+02
2.561510391394954809e+02
2.690728880152684610e+02
2.145222095705826177e+02
2.662802254895008218e+02
2.474505519071227866e+02
1.862183795874146028e+02
2.483622672936743925e+02
2.492179511025381089e+02
2.442514435195621161e+02
1.986323436745103947e+02
2.842921899512282380e+02
