-1.563957377619019553e+02
-1.420052461454338868e+02
-4.787398964163280084e+02
-1.713033272988823796e+02
-1.939811470686668144e+02
-1.373771124450523189e+02
-1.335529937591824137e+02
-1.154283000091631664e+02
-1.427452598202833371e+02
-1.438347644834059906e+02
-1.737500125139969782e+02
-1.552712779257620355e+02
-2.842926964175422313e+02
-2.304560593393405270e+02
-1.337268070865675611e+02
-1.942265847995054173e+02
-3.422316834651835507e+02
-1.872189135971046881e+02
-1.678068351820987800e+02
-3.356198984005725379e+02
-1.257944603044457210e+02
-1.171124428840737721e+02
-1.327856622943529885e+02
-1.820153495242493875e+02
-3.385323583563563830e+02
-3.377833869401944185e+02
-4.968726390546719927e+02
-3.697132266872249602e+02
-3.401394992462500113e+02
-1.730364193857076316e+02
-2.357632262435241444e+02
-1.267976243845260598e+02
-1.544485025921971157e+02
-2.232075675419372658e+02
-1.173802570784642398e+02
-1.969134028619543244e+02
-2.177050958179025315e+02
-2.281599437136363520e+02
-1.593183662093127850e+02
-1.171446860523825535e+02
-1.414313562931230024e+02
-1.388843806293365901e+02
-1.365282265445952987e+02
-1.493088477334530637e+02
-1.194984248796273221e+02
-9.686168077612781246e+01
-9.687976135148436185e+01
-1.073914130806650036e+02
-9.302226004452873553e+01
-1.301112650587509165e+02
-7.899552542850689463e+01
-8.068898588902760594e+01
-8.645470388331479228e+01
-1.070841038841007560e+02
-1.211101343925077742e+02
-1.009467649709846029e+02
-1.083248590937920710e+02
-1.001262827411116945e+02
-9.646884404731859775e+01
-6.730065719631565457e+01
-7.142969151254990834e+01
-1.122263545417969226e+02
-1.273592193583424859e+02
-1.156963558533479386e+02
-1.205683245952672848e+02
-1.424290541857099015e+02
-1.042400998402001306e+02
-2.547610804791507348e+02
-1.644727981596209929e+02
-1.198466540452793652e+02
-1.112786931741659657e+02
-1.065981594074412726e+02
-6.209141209296292629e+01
9.109617417542740725e+01
-8.980376242141250032e+01
-8.892364399643467721e+01
-6.162038857634890832e+01
-1.193631345077040038e+02
-1.543455943391845722e+02
-5.817393047515028570e+01
-1.383883777276943761e+02
-1.239390184741886856e+02
-1.457384712571964371e+02
-1.103312940522636580e+02
-7.669276264986527281e+01
-3.407102361808630775e+01
-1.883106400845155122e+02
-1.055431573160712730e+02
-3.888216496373709674e+01
-2.411778707923649279e+02
-1.466048015473273267e+02
-1.594712529773174765e+02
-2.030955927329104611e+02
-1.100674177421091713e+02
-2.378815738441764438e+02
-1.228569481971644421e+02
1.698874222503341684e+02
-6.742017944559077591e+01
-5.366572019080349776e+01
-1.467900013263216010e+02
-3.628147683579810234e+01
-7.019397917535718534e+01
-1.374009455030160893e+02
-9.669971315599025274e+01
-1.495618009274139695e+02
-9.059684538332541592e+01
-1.596496403504667683e+02
-9.217871374961916331e+01
-9.589152759410391980e+01
-4.013511123345529086e+01
1.110349439712841075e+02
-1.571586876651774105e+02
-2.012728805569597625e+02
-6.796903989198182217e+01
-1.359179131434409840e+02
-1.935852868266906057e+02
-7.413744748420069186e+01
-1.127728476678728953e+02
-1.170764817884573006e+02
1.324173505508184689e+01
-7.564184750508891852e+01
-8.007351598620266486e+01
-4.827580910686216953e+01
-4.615962470474634927e+01
-5.466776564310310960e+01
-7.817300310587508250e+01
-1.144065332977027936e+02
-3.864944321034055719e+01
-5.950978932702957991e+01
-7.354133765175774329e+01
-7.013731215551348441e+01
-6.311695463192599220e+01
-4.353285777142572499e+01
-4.171685553592183737e+01
-3.897856050651705573e+01
-6.940482915861745994e+01
-2.670573769251015150e+01
-7.004988724337744088e+01
2.488102829367525715e+01
-5.224553300635842845e+01
-2.412871400338741523e+01
-6.067293357247251606e+00
-2.433514871494320531e+01
-1.043531259181118855e+02
-6.582471746475530949e+01
-2.780416626242424272e+01
-8.568830855354258347e+01
-3.682943841558700626e+01
-5.840301971578492868e+01
-1.096819206368366935e+02
-9.374355799247271648e+01
-4.803953903023709415e+01
-2.438718241156414379e+01
-1.286197143157955125e+01
-4.201321388947444291e+01
-2.487143430743099515e+01
-4.210408769103807458e+01
-9.075459352324595841e+01
-9.360511268263084617e+01
-7.993958846029987342e+01
-7.691436722648369084e+01
-4.251095274413089697e+01
-4.718186350383467342e+00
-1.179975217909903904e+02
-1.789557134860096355e+01
-1.810778034424813399e+01
-8.135472261059280186e+01
-3.873660716910634250e+01
-5.542145488395822639e+01
-7.750413118990272210e+01
-7.419281390158272416e+01
-1.221247148418994755e+02
-8.337652937178678769e+01
-1.176590402624298974e+02
-1.558818113874575317e+01
5.857084826823782286e+00
1.336946737542482389e+01
-4.288265161729639630e+01
-6.213301461911824930e+01
-8.342518742308581636e+01
-7.879722670439240062e+01
-4.508817579099995498e+01
-4.056211829079944664e+01
-6.798598651642990376e+01
-1.087238632927217026e+02
-6.668644585298251570e+01
-7.828925566889954268e+01
-6.718013021293513987e+01
2.020830892672034906e+01
-1.967722006013294234e+01
-1.234842843389762095e+02
-6.875259896601420451e+01
-6.951836937880406708e+01
-5.912556800400245294e+01
-5.299264529543244606e+01
-1.105369826392873449e+02
-6.280437803669472885e+01
-5.339359656554890421e+01
-5.138214467852395018e+01
-3.169894715665968121e+01
-7.578560889947131329e+01
-5.905922500614689596e+01
-1.462250573146379296e+01
-6.767019393319999665e+01
-4.463387526551861839e+01
1.452839931569522776e+02
-1.053300138630264655e+02
-7.062641942145957330e+01
-1.082609200822422579e+01
-9.730597839787954229e+00
1.838364793658587359e+02
-8.189451341577895960e+01
9.753257326014245621e+01
-4.145055720382448783e+01
9.733016163997227466e+01
-1.769556906236997520e+02
-1.181610006847111407e+02
-1.323902589510214511e+02
-1.182442403206092507e+01
-1.020988821438062786e+02
1.046614770427661512e+02
-3.049833426423524685e+01
9.736202815823132539e+01
-3.870849021323158112e+00
-8.180536661783330032e+01
1.638450906765351078e+01
1.613743142534061148e+00
1.466543846132973954e+02
1.286033512259078293e+02
-2.705136571204762674e+01
-1.967984885455374311e+01
1.751878447628773756e+02
-6.765530747856151095e+01
-1.080013636723640502e+02
-8.741073192871288144e-01
8.634645244266120301e+01
-8.712989093341639091e+01
-1.955930139776918963e+01
-9.993501688699781482e+01
4.420648746438241972e+01
-1.026212164850114164e+02
-8.376027227593942825e+01
-1.637179120547940840e+02
1.164313191846274833e+02
-7.701723827833178326e+00
-8.246772231181589063e+01
3.817324390538776413e+01
1.085167720687318962e+02
-5.195868120157238934e+01
-9.566175489209260263e+01
-4.739552510059972690e+01
-5.813587924062878898e+01
-8.363872925825874916e+01
1.356655562509523634e+02
-1.284242467546370676e+02
-7.418749197227090519e+01
-1.173704813787663710e+02
-7.518019294754911819e+00
-1.479539673100819464e+01
-4.530020428701350710e+01
-8.089559893693954962e+01
-4.266667467961206484e+01
-8.332786798737271283e+01
-2.783563074025362383e+01
1.853789827354079307e+02
-1.211472949557008505e+01
-5.005479889032408636e+01
-1.068906036615934596e+02
1.648711163389771741e+02
-2.892792697073846142e+01
-4.445498372927114161e+01
-2.878387745311767176e+01
-9.150798218847636178e+01
9.572106277158420085e+01
1.203598987424909410e+02
9.432907280197379407e+01
1.426926100892530656e+02
1.477416475586511808e+02
2.233926720901186513e+02
-6.489748902992378987e+01
1.038742707988296843e+02
1.233371696255216108e+02
-3.381520406621824293e+01
-7.432382914195659396e+01
1.153063895774192673e+02
9.524311717982514836e+01
2.080983156944439543e+02
1.875185900168218041e+02
1.178872685674509313e+02
8.538314411131698023e+01
-1.340246958856277004e+01
-3.822602247527449748e+01
1.561699244332177159e+02
1.919634459816626872e+02
8.337717980030670617e+01
-4.822210373196128330e+01
1.718989019062437933e+02
2.018411882707295604e+02
-4.494726844765847318e+01
2.171449251778353187e+02
1.942963944095186264e+02
-4.411316239879927537e+01
-1.596921206007766258e+01
-3.639338724839418404e+01
2.139110871805280567e+02
1.959023793386639340e+02
-4.434971350819509439e+01
1.756118087076745837e+02
1.782560230530257286e+02
1.934419597165280607e+02
-4.087516978049801963e+01
1.600477428808846412e+02
1.103373800832413565e+02
-1.134559654615147934e+02
1.031797831532077936e+02
-5.593421441619648249e+01
2.028110542921895103e+02
-1.185303191840188930e+01
-1.226819200979162758e+02
1.405803957524108796e+02
4.070529207588486287e+01
-2.023077851545800954e+01
9.051577622701631753e+01
1.758521849184253583e+01
3.867605038535191220e-01
1.670702339308522824e+02
1.902159788923421857e+01
1.709942078986209140e+02
-4.303893936727402547e+01
-1.192108158765191384e+01
1.628628136434816156e+02
1.633639805109438612e+02
2.032102022713774545e+02
-7.007463538527230185e+01
1.635733185236792337e+02
2.323930698732543476e+02
2.307166669649340349e+02
8.392732761954991361e+01
2.585466042979735448e+02
2.110642163853092370e+02
1.234087431028894173e+02
1.836665874724307059e+02
2.612275767233099941e+02
2.394772688477170277e+02
2.453911999651760993e+02
2.184352539495102690e+02
2.271101372660073991e+02
2.242299158235412619e+02
-1.281493022608629673e+01
2.641773696442371033e+02
-1.783395041729711750e+00
2.015442776636970450e+02
-9.659372441829679801e+00
2.227677930870094940e+02
-7.250283307771127284e+01
1.777983178584017878e+02
2.014257039046913178e+02
-1.274041577941010317e+01
2.145159227922725904e+02
1.519006013365149954e+01
2.100466962599671206e+02
3.168163080335064308e+01
1.813644359142584790e+02
4.684375957743904806e+00
-3.721045534404831301e+01
1.145863411148668263e+02
1.202663951338988113e+02
1.478222042939383698e+02
1.957082238527318054e+02
1.830622811734752702e+02
1.768716663055691072e+02
1.640092011983356315e+02
1.220026138887344445e+02
-5.571486257821493382e+01
7.143171713396863254e+01
-3.289611998026481388e+01
2.225529033058387256e+02
1.632737411531839484e+02
-1.393641131687960133e+01
2.239042840492111281e+02
1.580075106164026124e+02
1.340770747395628462e+02
2.171353839729295316e+02
2.638769624969039107e+00
1.807643917847373416e+02
-5.225288435955263822e+00
1.737822189863155131e+02
4.111231523540769217e+01
1.517692230049085254e+02
1.799026870523188961e+02
2.094582912591301920e+02
2.122880623614434228e+02
-1.776897700595980467e+01
1.934146814419207772e+02
1.914028934482683724e+02
2.024918742440983976e+01
2.143297922592658438e+02
2.386816845651119934e+02
-1.170607581048438561e+02
2.854028868466473057e+01
-1.868653479214661317e+01
2.217174815674655406e+02
-2.698173055812997134e+01
2.629767637523015082e+02
-1.755149314329713306e+01
-4.625481402474650139e+01
-6.062534766889778837e+01
2.056179677246699953e+02
-3.041803235610454692e+01
-2.328139552782823785e+01
-3.986258845109946947e+01
2.180146891425368381e+02
1.058769618726894493e+02
-5.058038935450431950e+01
2.014178401536083243e+02
-5.882319704622491763e+00
-1.198408588690413694e+02
-7.235734421000583438e+01
-8.841279936755924496e+01
-4.483871554787946678e+01
-2.260364777849064311e+01
-6.815591630606657247e+01
-2.284066187173343110e+01
-2.327498444214559825e+01
2.075472078423679250e+02
-3.162288109726302920e+01
1.398907168573436479e+02
1.525980734993026147e+02
-2.592410302159989755e+01
-8.004859226134897199e+01
-7.425644959740097306e+01
-1.107544640434941563e+01
1.927950708866565606e+02
-3.699273439348705494e+01
2.080294947128784315e+02
-1.067480249552614069e+01
-2.789420812153393570e+01
1.815924538605726184e+02
-9.201113156119362202e+01
-5.691380458020951494e+01
-1.150660213045914873e+02
-8.534616154195077797e+01
5.235991762018741014e+01
-3.556412479404637850e+01
-3.737167841713611693e+01
-1.511824428931788944e+01
1.363417676678798500e+02
-6.046514866453834713e+01
-1.522682827686251095e+01
9.346387211585506449e+00
1.809932662637826439e+01
-2.667928708304898322e+01
1.612378687965285167e+02
6.392406698010272237e+01
-4.083957833468760157e+01
7.940132905182402112e+01
-1.976234425305776199e+01
4.672590208067097706e+01
-4.488247268880502361e+01
2.479378898981416626e+02
1.762722328576656992e+02
1.167929295322852568e+02
1.876542315533708347e+02
1.817666467259833496e+02
1.797152934822295265e+02
-6.559152005586047274e+00
1.567362304018106727e+02
3.222579194529291158e+01
5.499189171297482659e+01
2.431485797087383816e+01
1.881855881450712218e+02
1.214493029325030093e+01
1.517283800993796490e+02
-1.935136974418945144e+01
3.383479502718384602e+00
4.058705554233601909e+00
1.144877475969250824e+01
8.791219350608372451e+00
2.222627431650795984e+02
2.509337691551086635e+01
1.009534647725596130e+02
-3.449818577049209978e+01
2.507448517972358459e+01
2.035936283094962107e+01
1.254179366165999028e+02
2.439255156374925662e+02
2.147787249947764394e+02
2.584337360035049187e+02
2.088049810408962799e+02
2.224979370980355498e+02
2.215994685884516855e+02
2.205020070555621317e+02
2.054451926759305991e+02
1.753143041064204795e+02
1.717996855976789448e+02
1.566561051932210944e+02
1.734706825544543563e+02
-5.646763806871987867e+01
1.584177971406923007e+02
2.032073456612039308e+02
2.098830234637910053e+02
2.275094622764368069e+02
1.580901139512949385e+02
2.113775925882816296e+02
2.370540463782242284e+02
2.612840617562693524e+02
2.138185041436194638e+02
2.013972500342543981e+02
2.080355949950196077e+02
2.163357917646580404e+02
2.169472463203318853e+02
6.136689911462642044e+01
-3.739185249781665732e+01
2.021364628094704941e+01
2.233782067070658002e+02
2.276825272638614308e+02
8.895910119168547681e+01
2.404551334691342959e+02
2.565676355098306090e+02
2.404779852789336871e+02
1.436775954583054329e+02
1.326592089656987810e+02
2.811208005396306362e+02
1.495495875944556587e+02
2.023917140657103175e+02
2.256068085176154057e+02
1.659135012387109214e+02
2.730557972167765968e+01
1.810804981954357231e+02
2.299779088449805897e+02
2.940162039563570033e+02
-4.842848481142542738e+00
1.902701236838934733e+02
2.693095218757868565e+02
2.506841470236900591e+02
2.978717562829418739e+02
2.682954905769910283e+02
1.252753243865447814e+02
1.077013007158545292e+02
2.941545157427074173e+02
2.361448344316922885e+02
2.980612043540028253e+02
2.364156238949016711e+02
2.408904144211054472e+02
2.530076964827420625e+02
2.806133427062136434e+02
2.607678918102661214e+02
2.377362373860563025e+02
2.676989056337253032e+02
2.200348476135817464e+02
2.334719302712911713e+02
2.406603967597946507e+02
2.621951338204298168e+02
2.312219121812717049e+02
-8.600667853348241465e+00
2.310689793246554302e+02
-6.988016762085761968e+01
2.442453268985121042e+02
2.854685973937117751e+02
2.459982790774014063e+02
2.993692234264108265e+01
2.345968585014449275e+02
2.376867050918238533e+02
2.544970552970405038e+02
2.461119886942171604e+02
2.372061850897329691e+02
2.378211887730736009e+02
2.734766172830063624e+02
2.320197331019037108e+02
2.291219272721030222e+02
-8.128733706347972543e+00
2.151792972108794686e+02
2.172682603262872476e+02
2.609077297307975414e+02
2.247329843893321879e+02
2.409486606244678342e+02
2.644219721182409444e+02
2.593596527521626172e+02
2.420370283215737004e+02
2.580097700295737013e+02
2.080288796451447126e+02
2.666499905448638401e+02
2.380071072721796952e+02
2.206708332339395611e+02
